000001
000002
000011
000014
000021
000026
000027
000037
000042
000045
000049
000050
000059
000063
000069
000089
000090
000099
000100
000157
000159
000333
000338
000400
000402
000407
000419
000420
000421
000422
000423
000425
000426
000498
000517
000518
000519
000529
000530
000531
000532
000538
000539
000543
000548
000553
000558
000568
000570
000573
000581
000582
000589
000592
000596
000597
000599
000607
000608
000617
000620
000625
000626
000630
000631
000651
000652
000663
000672
000678
000683
000690
000691
000692
000695
000708
000712
000713
000717
000718
000722
000725
000728
000731
000736
000737
000756
000757
000758
000761
000762
000768
000776
000779
000785
000790
000800
000801
000807
000809
000811
000813
000816
000819
000822
000833
000858
000860
000862
000868
000869
000875
000876
000877
000880
000881
000886
000887
000888
000889
000895
000897
000898
000899
000905
000906
000908
000910
000913
000921
000923
000929
000930
000932
000933
000937
000952
000953
000955
000957
000958
000963
000968
000970
000973
000977
000978
000983
000985
000993
001202
001203
001207
001209
001212
001213
001215
001216
001218
001220
001223
001226
001227
001255
001259
001267
001270
001278
001285
001289
001296
001298
001299
001301
001308
001313
001316
001319
001324
001330
001331
001336
001337
001338
001359
001360
001369
001376
001379
001380
001382
001389
001390
001396
001979
002003
002004
002007
002008
002011
002016
002020
002026
002027
002028
002032
002033
002035
002041
002042
002043
002044
002049
002050
002052
002057
002060
002062
002065
002067
002068
002069
002072
002073
002074
002075
002076
002080
002081
002083
002088
002091
002094
002099
002106
002110
002114
002115
002127
002129
002130
002132
002133
002137
002138
002139
002142
002146
002151
002154
002157
002158
002160
002164
002167
002171
002174
002178
002179
002182
002188
002190
002191
002194
002195
002196
002197
002200
002201
002202
002203
002205
002206
002209
002210
002212
002218
002219
002222
002223
002225
002230
002232
002236
002237
002238
002240
002241
002242
002245
002262
002264
002267
002271
002273
002277
002282
002284
002286
002287
002290
002293
002300
002301
002302
002304
002311
002312
002313
002314
002316
002318
002326
002327
002328
002333
002334
002337
002338
002343
002346
002347
002349
002350
002352
002355
002357
002361
002362
002363
002364
002368
002370
002371
002375
002380
002383
002384
002385
002389
002390
002391
002392
002394
002396
002400
002401
002402
002405
002408
002409
002414
002415
002418
002420
002421
002426
002428
002432
002439
002440
002441
002442
002443
002444
002449
002454
002457
002459
002460
002461
002465
002466
002467
002469
002470
002474
002475
002476
002478
002480
002491
002493
002494
002496
002500
002506
002508
002511
002515
002516
002519
002522
002523
002529
002534
002543
002544
002545
002546
002548
002551
002553
002555
002562
002564
002565
002567
002575
002577
002585
002590
002593
002594
002595
002596
002599
002600
002605
002606
002611
002616
002624
002625
002627
002628
002629
002631
002632
002641
002642
002643
002644
002648
002649
002651
002652
002653
002657
002659
002660
002663
002668
002669
002673
002675
002676
002681
002695
002696
002698
002700
002709
002714
002725
002730
002733
002737
002739
002741
002758
002760
002762
002768
002774
002775
002779
002780
002782
002783
002786
002793
002797
002798
002799
002800
002801
002802
002807
002810
002812
002817
002820
002824
002826
002827
002828
002831
002833
002837
002838
002839
002842
002849
002851
002852
002853
002855
002860
002861
002864
002866
002867
002868
002869
002870
002871
002873
002875
002882
002884
002886
002893
002895
002899
002901
002902
002910
002911
002913
002916
002920
002928
002933
002935
002937
002939
002942
002943
002945
002946
002952
002955
002956
002958
002961
002962
002963
002968
002970
002971
002973
002975
002976
002978
002980
002981
002982
002983
002984
002991
002995
002999
003000
003002
003004
003006
003008
003009
003010
003012
003017
003022
003026
003027
003031
003035
003039
003041
003042
159915
159919
300002
300005
300014
300015
300017
300019
300021
300024
300030
300032
300033
300035
300041
300045
300047
300048
300051
300052
300055
300057
300058
300059
300061
300063
300067
300069
300071
300072
300080
300082
300085
300086
300092
300093
300094
300098
300100
300105
300106
300109
300110
300111
300112
300115
300119
300122
300124
300128
300129
300131
300132
300136
300137
300142
300143
300145
300148
300150
300153
300155
300158
300159
300160
300161
300162
300163
300168
300169
300171
300175
300176
300179
300180
300184
300189
300195
300203
300207
300210
300222
300223
300224
300225
300226
300232
300235
300242
300243
300247
300248
300249
300250
300256
300257
300259
300261
300263
300267
300270
300274
300276
300277
300279
300281
300283
300284
300285
300289
300292
300296
300300
300305
300308
300313
300316
300320
300321
300323
300324
300327
300331
300333
300334
300337
300339
300342
300343
300347
300348
300350
300351
300353
300358
300363
300364
300365
300376
300382
300386
300394
300395
300398
300401
300405
300407
300408
300411
300414
300417
300418
300423
300424
300427
300429
300432
300433
300435
300439
300443
300445
300446
300447
300449
300450
300457
300464
300466
300468
300469
300471
300474
300478
300482
300483
300484
300485
300486
300491
300498
300499
300501
300502
300503
300504
300507
300508
300509
300512
300513
300514
300515
300516
300518
300519
300520
300522
300523
300529
300533
300535
300538
300540
300543
300545
300546
300548
300552
300559
300562
300563
300565
300569
300570
300571
300572
300573
300575
300577
300584
300587
300589
300590
300593
300595
300597
300600
300601
300602
300609
300611
300612
300615
300617
300625
300626
300627
300628
300632
300633
300636
300639
300643
300647
300649
300650
300653
300654
300659
300661
300663
300668
300672
300676
300678
300680
300682
300684
300692
300698
300700
300701
300703
300705
300710
300712
300713
300717
300719
300720
300725
300727
300732
300739
300740
300743
300748
300749
300750
300755
300756
300760
300762
300763
300765
300768
300769
300773
300775
300781
300783
300784
300786
300789
300792
300795
300797
300802
300808
300811
300814
300816
300817
300820
300821
300822
300823
300825
300828
300832
300840
300841
300849
300851
300855
300858
300862
300866
300869
300871
300878
300880
300882
300884
300888
300889
300890
300894
300900
300903
300905
300908
300912
300918
300919
300921
300928
300929
300933
300937
300938
300939
300945
300946
300956
300957
300961
300962
300963
300964
300969
300972
300979
300982
300986
300989
300990
300996
301003
301005
301006
301007
301008
301009
301011
301013
301015
301016
301021
301022
301028
301032
301033
301035
301037
301041
301046
301047
301049
301052
301055
301059
301060
301063
301066
301071
301073
301075
301080
301085
301091
301095
301096
301098
301099
301108
301111
301113
301115
301127
301130
301131
301132
301135
301137
301138
301151
301156
301157
301160
301161
301165
301172
301178
301179
301183
301190
301191
301195
301199
301201
301202
301203
301209
301211
301217
301218
301220
301227
301230
301239
301251
301256
301258
301259
301260
301276
301277
301278
301289
301290
301295
301299
301300
301302
301303
301306
301308
301309
301310
301312
301314
301320
301322
301325
301328
301329
301331
301332
301338
301339
301345
301357
301358
301362
301363
301368
301370
301377
301379
301386
301388
301389
301396
301397
301398
301399
301408
301413
301421
301458
301459
301468
301469
301486
301491
301498
301500
301508
301509
301510
301515
301516
301519
301522
301533
301555
301558
301559
301563
301565
301568
301571
301581
301585
301587
301588
301595
301600
301602
301603
301607
301609
301617
301618
301622
301626
301628
301630
301632
301633
301662
301668
301680
301687
510050
510300
512100
600000
600004
600006
600010
600012
600019
600020
600021
600028
600029
600030
600031
600032
600036
600037
600039
600048
600054
600055
600060
600063
600081
600085
600095
600096
600097
600098
600099
600101
600103
600104
600106
600108
600109
600110
600111
600114
600116
600120
600125
600126
600128
600135
600137
600138
600149
600150
600156
600157
600158
600161
600176
600178
600182
600183
600188
600192
600196
600197
600203
600221
600222
600226
600229
600231
600233
600234
600241
600248
600249
600259
600262
600268
600271
600276
600282
600284
600285
600295
600298
600299
600307
600308
600309
600310
600316
600320
600322
600325
600327
600328
600330
600331
600333
600345
600346
600348
600351
600352
600358
600360
600363
600366
600367
600369
600370
600372
600373
600378
600382
600383
600388
600389
600395
600398
600400
600406
600408
600415
600418
600419
600426
600429
600435
600436
600438
600444
600448
600460
600469
600470
600477
600482
600483
600486
600487
600489
600490
600493
600495
600496
600497
600507
600510
600513
600516
600519
600520
600521
600526
600527
600531
600535
600536
600538
600547
600548
600557
600560
600562
600567
600573
600579
600582
600585
600588
600594
600595
600601
600609
600610
600612
600618
600629
600639
600642
600643
600650
600653
600660
600661
600664
600666
600667
600681
600682
600683
600684
600690
600691
600692
600693
600694
600697
600699
600702
600703
600706
600710
600711
600718
600720
600726
600728
600731
600732
600733
600740
600742
600745
600749
600754
600757
600760
600761
600768
600769
600775
600778
600789
600790
600792
600794
600795
600800
600803
600809
600815
600816
600819
600821
600827
600831
600837
600838
600839
600843
600845
600848
600851
600855
600859
600861
600862
600864
600865
600871
600873
600879
600880
600884
600886
600887
600888
600893
600900
600905
600906
600909
600927
600928
600941
600956
600959
600962
600963
600966
600968
600970
600975
600976
600977
600981
600982
600983
600987
600989
600992
600996
600997
600998
601006
601008
601011
601012
601021
601022
601066
601068
601069
601077
601086
601088
601100
601108
601111
601113
601118
601126
601127
601128
601133
601136
601138
601156
601158
601162
601163
601166
601168
601169
601177
601179
601198
601199
601211
601218
601225
601236
601238
601288
601318
601328
601333
601336
601339
601368
601375
601377
601388
601390
601398
601512
601518
601519
601555
601567
601598
601599
601600
601601
601606
601607
601608
601609
601615
601616
601618
601619
601628
601636
601668
601669
601677
601686
601689
601698
601728
601766
601798
601799
601800
601816
601818
601827
601857
601860
601868
601888
601898
601899
601900
601916
601919
601939
601949
601956
601966
601968
601985
601988
601990
601991
601999
603001
603002
603004
603007
603011
603014
603020
603022
603023
603025
603028
603029
603033
603041
603042
603043
603045
603055
603061
603065
603073
603077
603079
603082
603092
603097
603098
603099
603102
603103
603107
603111
603112
603113
603116
603119
603120
603121
603122
603123
603128
603131
603151
603153
603156
603158
603159
603160
603167
603171
603177
603180
603182
603185
603188
603193
603194
603197
603198
603199
603200
603203
603207
603208
603209
603211
603213
603218
603219
603220
603223
603226
603227
603231
603235
603236
603257
603259
603262
603266
603270
603273
603275
603276
603280
603281
603282
603285
603288
603291
603296
603297
603299
603308
603312
603315
603319
603322
603323
603324
603325
603326
603329
603330
603332
603334
603336
603339
603344
603345
603348
603350
603351
603352
603353
603355
603356
603357
603363
603367
603368
603370
603375
603380
603386
603387
603390
603392
603393
603395
603400
603402
603406
603466
603499
603500
603501
603506
603516
603518
603527
603533
603551
603558
603566
603567
603577
603579
603583
603586
603587
603589
603599
603605
603607
603608
603611
603612
603613
603615
603616
603628
603629
603630
603633
603636
603638
603655
603659
603660
603662
603667
603676
603678
603679
603680
603682
603683
603685
603687
603690
603696
603698
603700
603706
603707
603708
603709
603712
603719
603721
603722
603727
603738
603757
603758
603768
603777
603778
603788
603797
603798
603799
603813
603815
603816
603817
603819
603833
603855
603856
603858
603866
603867
603868
603871
603877
603878
603879
603880
603881
603895
603897
603900
603906
603908
603909
603915
603916
603917
603926
603929
603931
603933
603937
603948
603950
603966
603969
603970
603979
603983
603986
603987
603990
603992
603993
603997
603998
603999
605003
605005
605007
605009
605033
605050
605055
605066
605068
605077
605090
605098
605099
605111
605123
605133
605158
605166
605177
605179
605186
605188
605189
605198
605222
605228
605286
605288
605296
605303
605305
605337
605339
605358
605377
605388
605398
605399
605499
605507
605588
688003
688004
688005
688007
688008
688012
688013
688018
688020
688026
688027
688030
688031
688036
688037
688041
688045
688046
688052
688055
688057
688060
688061
688065
688070
688075
688083
688084
688087
688088
688092
688095
688100
688101
688103
688105
688111
688116
688117
688118
688120
688121
688126
688127
688131
688133
688137
688139
688141
688148
688157
688161
688162
688165
688168
688169
688176
688177
688178
688180
688185
688186
688187
688191
688192
688197
688198
688199
688200
688203
688208
688211
688212
688215
688218
688219
688223
688225
688226
688233
688234
688235
688236
688237
688238
688239
688244
688246
688247
688248
688251
688252
688255
688256
688257
688265
688266
688267
688269
688271
688275
688276
688281
688299
688300
688301
688303
688306
688307
688312
688316
688318
688319
688320
688322
688323
688333
688337
688343
688345
688347
688350
688357
688358
688362
688363
688367
688369
688380
688383
688387
688388
688390
688392
688396
688398
688401
688409
688410
688419
688420
688426
688428
688433
688435
688439
688449
688458
688459
688472
688486
688498
688499
688500
688501
688506
688508
688511
688512
688515
688517
688519
688521
688523
688526
688529
688530
688533
688535
688545
688548
688551
688558
688560
688561
688563
688565
688567
688569
688570
688571
688577
688579
688581
688582
688585
688588
688590
688591
688592
688593
688596
688599
688601
688606
688608
688611
688613
688616
688619
688623
688626
688628
688630
688636
688651
688655
688657
688660
688682
688689
688693
688700
688701
688702
688712
688716
688719
688721
688726
688728
688733
688739
688757
688758
688759
688765
688775
688777
688783
688786
688788
688789
688795
688800
688802
688805
688807
688809
688819
688981
830832
830879
920802
920809
920832
920839
