000001
000002
000063
000333
000338
000538
000568
000625
000651
000725
000858
001979
002049
002050
002142
002230
002241
002304
002352
002371
002415
002460
002466
002475
002594
002625
002714
002920
159915
159919
300059
300124
300274
300498
300750
300760
510050
510300
512100
600000
600028
600029
600030
600031
600036
600104
600111
600196
600276
600309
600370
600426
600436
600438
600519
600567
600585
600660
600690
600699
600760
600809
600837
600887
600893
600900
600941
601012
601088
601111
601127
601166
601225
601288
601318
601328
601336
601398
601628
601668
601689
601728
601857
601888
601899
601919
601939
601985
601988
603259
603288
603501
603799
603993
688012
688041
688111
688256
688981
920839
